243 138 176 209 228 302 256 341 294 313 314 237 290 115 
174 209 82 217 53 378 56 554 137 615 181 506 136 444 151 344 202 274 
203 274 152 344 140 442 180 500 182 452 256 379 267 350 
304 279 247 403 303 461 329 381 400 406 451 336 395 290 300 286 301 286 
321 193 429 205 402 299 396 300 304 285 
304 494 328 390 395 415 489 244 525 312 424 510 
242 390 162 508 164 588 323 567 322 461 287 393 
497 241 577 207 726 302 652 482 447 494 

444 500 400 571 444 646 508 612 486 550 576 640 625 635 668 649 713 618 696 566 723 507 721 469 671 455 636 502 595 491 





